20
8 7
5391 7247 6420 1572 4427 5591 1484 3534
5 7
1496 4325 8725 4018 3122
2 2
3226 6785
7 4
477 6138 9603 8090 622 441 5412
7 10
8497 2661 8020 5636 4032 1767 668
6 5
8445 4206 4586 3480 795 1581
6 7
9454 1348 2517 5175 3228 9772
8 4
909 2433 299 6809 3386 6263 1716 5925
9 5
72 6140 9482 2578 3639 2190 1508 3871 3306
4 8
4373 1862 8646 8891
6 5
3939 9296 7643 9360 6436 8050
9 4
232 1924 3317 548 1782 5298 3173 8276 8849
5 10
7192 7644 1897 1027 515
10 3
1011 3717 8411 4010 7447 7743 5963 5263 9100 8536
7 7
7857 9696 7581 5211 5294 9251 2410
8 9
4783 4598 6729 8205 7706 9495 2951 1088
5 6
7073 5473 1686 8312 8818
4 9
4311 3968 422 1557
10 8
8075 3926 2065 2437 1738 2920 7945 7141 2103 7555
4 10
4483 2516 9464 4931